[ 1.00e+00  0.00e+00  0.00e+00  0.00e+00  0.00e+00  0.00e+00  0.00e+00 ... ]
[ 1.00e+00  0.00e+00  0.00e+00  0.00e+00  0.00e+00  0.00e+00  0.00e+00 ... ]
[ 0.00e+00  1.00e+00  0.00e+00  0.00e+00  0.00e+00  0.00e+00  0.00e+00 ... ]
[ 0.00e+00  1.00e+00  0.00e+00  0.00e+00  0.00e+00  0.00e+00  0.00e+00 ... ]
[ 0.00e+00  0.00e+00  1.00e+00  0.00e+00  0.00e+00  0.00e+00  0.00e+00 ... ]
[ 0.00e+00  0.00e+00  1.00e+00  0.00e+00  0.00e+00  0.00e+00  0.00e+00 ... ]
[ 0.00e+00  0.00e+00  0.00e+00  1.00e+00  0.00e+00  0.00e+00  0.00e+00 ... ]
[ 0.00e+00  0.00e+00  0.00e+00  1.00e+00  0.00e+00  0.00e+00  0.00e+00 ... ]
[ 0.00e+00  0.00e+00  0.00e+00  0.00e+00  1.00e+00  0.00e+00  0.00e+00 ... ]
[ 0.00e+00  0.00e+00  0.00e+00  0.00e+00  1.00e+00  0.00e+00  0.00e+00 ... ]
[ 0.00e+00  0.00e+00  0.00e+00  0.00e+00  0.00e+00  1.00e+00  0.00e+00 ... ]
[ 0.00e+00  0.00e+00  0.00e+00  0.00e+00  0.00e+00  1.00e+00  0.00e+00 ... ]
[ 0.00e+00  0.00e+00  0.00e+00  0.00e+00  0.00e+00  0.00e+00  1.00e+00 ... ]
[ 0.00e+00  0.00e+00  0.00e+00  0.00e+00  0.00e+00  0.00e+00  1.00e+00 ... ]
[ 0.00e+00  0.00e+00  0.00e+00  0.00e+00  0.00e+00  0.00e+00  0.00e+00 ... ]
[ 0.00e+00  0.00e+00  0.00e+00  0.00e+00  0.00e+00  0.00e+00  0.00e+00 ... ]
[ 0.00e+00  0.00e+00  0.00e+00  0.00e+00  0.00e+00  0.00e+00  0.00e+00 ... ]
[ 0.00e+00  0.00e+00  0.00e+00  0.00e+00  0.00e+00  0.00e+00  0.00e+00 ... ]
[ 0.00e+00  0.00e+00  0.00e+00  0.00e+00  0.00e+00  0.00e+00  0.00e+00 ... ]
[ 0.00e+00  0.00e+00  0.00e+00  0.00e+00  0.00e+00  0.00e+00  0.00e+00 ... ]
[ 1.00e+00  0.00e+00  0.00e+00  0.00e+00  0.00e+00 -1.00e+00  0.00e+00 ... ]
[ 1.00e+00  0.00e+00  0.00e+00  0.00e+00  0.00e+00 -1.00e+00  0.00e+00 ... ]
[ 1.00e+00  0.00e+00  0.00e+00  0.00e+00  0.00e+00 -1.00e+00  0.00e+00 ... ]
[ 1.00e+00  0.00e+00  0.00e+00  0.00e+00  0.00e+00 -1.00e+00  0.00e+00 ... ]
[ 1.00e+00  0.00e+00  0.00e+00  0.00e+00  0.00e+00 -1.00e+00  0.00e+00 ... ]
[ 1.00e+00  0.00e+00  0.00e+00  0.00e+00  0.00e+00 -1.00e+00  0.00e+00 ... ]
[ 0.00e+00  1.00e+00  0.00e+00  0.00e+00  0.00e+00 -1.00e+00  0.00e+00 ... ]
[ 0.00e+00  1.00e+00  0.00e+00  0.00e+00  0.00e+00 -1.00e+00  0.00e+00 ... ]
[ 0.00e+00  0.00e+00  1.00e+00  0.00e+00  0.00e+00 -1.00e+00  0.00e+00 ... ]
[ 0.00e+00  0.00e+00  1.00e+00  0.00e+00  0.00e+00 -1.00e+00  0.00e+00 ... ]
[ 0.00e+00  0.00e+00  0.00e+00  1.00e+00  0.00e+00 -1.00e+00  0.00e+00 ... ]
[ 0.00e+00  0.00e+00  0.00e+00  1.00e+00  0.00e+00 -1.00e+00  0.00e+00 ... ]
[ 0.00e+00  1.00e+00  0.00e+00  0.00e+00  0.00e+00 -1.00e+00  0.00e+00 ... ]
[ 0.00e+00  1.00e+00  0.00e+00  0.00e+00  0.00e+00 -1.00e+00  0.00e+00 ... ]
[ 0.00e+00  0.00e+00  0.00e+00  1.00e+00  0.00e+00 -1.00e+00  0.00e+00 ... ]
[ 0.00e+00  0.00e+00  0.00e+00  1.00e+00  0.00e+00 -1.00e+00  0.00e+00 ... ]
[ 0.00e+00  0.00e+00  0.00e+00  0.00e+00  1.00e+00 -1.00e+00  0.00e+00 ... ]
[ 0.00e+00  0.00e+00  0.00e+00  0.00e+00  1.00e+00 -1.00e+00  0.00e+00 ... ]
[ 0.00e+00  0.00e+00  1.00e+00  0.00e+00  0.00e+00 -1.00e+00  0.00e+00 ... ]
[ 0.00e+00  0.00e+00  1.00e+00  0.00e+00  0.00e+00 -1.00e+00  0.00e+00 ... ]
[ 0.00e+00  0.00e+00  0.00e+00  1.00e+00  0.00e+00 -1.00e+00  0.00e+00 ... ]
[ 0.00e+00  0.00e+00  0.00e+00  1.00e+00  0.00e+00 -1.00e+00  0.00e+00 ... ]
[ 0.00e+00  1.00e+00  0.00e+00  0.00e+00  0.00e+00 -1.00e+00  0.00e+00 ... ]
[ 0.00e+00  1.00e+00  0.00e+00  0.00e+00  0.00e+00 -1.00e+00  0.00e+00 ... ]
[ 0.00e+00  0.00e+00  0.00e+00  0.00e+00  1.00e+00 -1.00e+00  0.00e+00 ... ]
[ 0.00e+00  0.00e+00  0.00e+00  0.00e+00  1.00e+00 -1.00e+00  0.00e+00 ... ]
[ 0.00e+00  0.00e+00  0.00e+00  0.00e+00  0.00e+00 -1.00e+00  0.00e+00 ... ]
[ 0.00e+00  0.00e+00  0.00e+00  0.00e+00  0.00e+00 -1.00e+00  0.00e+00 ... ]
[ 0.00e+00  0.00e+00  0.00e+00  0.00e+00  0.00e+00 -1.00e+00  1.00e+00 ... ]
[ 0.00e+00  0.00e+00  0.00e+00  0.00e+00  0.00e+00 -1.00e+00  1.00e+00 ... ]
[ 0.00e+00  0.00e+00  0.00e+00  0.00e+00  0.00e+00 -1.00e+00  1.00e+00 ... ]
[ 0.00e+00  0.00e+00  0.00e+00  0.00e+00  0.00e+00 -1.00e+00  1.00e+00 ... ]
[ 0.00e+00  0.00e+00  0.00e+00  0.00e+00  0.00e+00 -1.00e+00  0.00e+00 ... ]
[ 0.00e+00  0.00e+00  0.00e+00  0.00e+00  0.00e+00 -1.00e+00  0.00e+00 ... ]
[ 0.00e+00  0.00e+00  0.00e+00  0.00e+00  0.00e+00 -1.00e+00  0.00e+00 ... ]
[ 0.00e+00  0.00e+00  0.00e+00  0.00e+00  0.00e+00 -1.00e+00  0.00e+00 ... ]
[ 0.00e+00  0.00e+00  0.00e+00  0.00e+00  0.00e+00 -1.00e+00  0.00e+00 ... ]
[ 0.00e+00  0.00e+00  0.00e+00  0.00e+00  0.00e+00 -1.00e+00  0.00e+00 ... ]
[ 0.00e+00  0.00e+00  0.00e+00  0.00e+00  0.00e+00 -1.00e+00  0.00e+00 ... ]
[ 0.00e+00  0.00e+00  0.00e+00  0.00e+00  0.00e+00 -1.00e+00  0.00e+00 ... ]
[ 0.00e+00  0.00e+00  0.00e+00  0.00e+00  0.00e+00 -1.00e+00  0.00e+00 ... ]
[ 0.00e+00  0.00e+00  0.00e+00  0.00e+00  0.00e+00 -1.00e+00  0.00e+00 ... ]
[ 0.00e+00  0.00e+00  0.00e+00  0.00e+00  0.00e+00 -1.00e+00  0.00e+00 ... ]
[ 0.00e+00  0.00e+00  0.00e+00  0.00e+00  0.00e+00 -1.00e+00  0.00e+00 ... ]
[ 0.00e+00  0.00e+00  0.00e+00  0.00e+00  0.00e+00 -1.00e+00  0.00e+00 ... ]
[ 0.00e+00  0.00e+00  0.00e+00  0.00e+00  0.00e+00 -1.00e+00  0.00e+00 ... ]
[ 0.00e+00  0.00e+00  0.00e+00  0.00e+00  0.00e+00 -1.00e+00  0.00e+00 ... ]
[ 0.00e+00  0.00e+00  0.00e+00  0.00e+00  0.00e+00 -1.00e+00  0.00e+00 ... ]
[ 0.00e+00  0.00e+00  0.00e+00  0.00e+00  0.00e+00 -1.00e+00  0.00e+00 ... ]
[ 0.00e+00  0.00e+00  0.00e+00  0.00e+00  0.00e+00 -1.00e+00  0.00e+00 ... ]
[ 0.00e+00  0.00e+00  0.00e+00  0.00e+00  0.00e+00 -1.00e+00  0.00e+00 ... ]
[ 0.00e+00  0.00e+00  0.00e+00  0.00e+00  0.00e+00 -1.00e+00  0.00e+00 ... ]
[ 0.00e+00  0.00e+00  0.00e+00  0.00e+00  0.00e+00 -1.00e+00  0.00e+00 ... ]
[ 0.00e+00  0.00e+00  0.00e+00  0.00e+00  0.00e+00 -1.00e+00  0.00e+00 ... ]

[ 1.00e+00  0.00e+00  0.00e+00  0.00e+00  0.00e+00  0.00e+00  0.00e+00 ... ]
[ 1.00e+00  0.00e+00  0.00e+00  0.00e+00  0.00e+00  0.00e+00  0.00e+00 ... ]
[ 0.00e+00  1.00e+00  0.00e+00  0.00e+00  0.00e+00  0.00e+00  0.00e+00 ... ]
[ 0.00e+00  1.00e+00  0.00e+00  0.00e+00  0.00e+00  0.00e+00  0.00e+00 ... ]
[ 0.00e+00  0.00e+00  1.00e+00  0.00e+00  0.00e+00  0.00e+00  0.00e+00 ... ]
[ 0.00e+00  0.00e+00  1.00e+00  0.00e+00  0.00e+00  0.00e+00  0.00e+00 ... ]
[ 0.00e+00  0.00e+00  0.00e+00  1.00e+00  0.00e+00  0.00e+00  0.00e+00 ... ]
[ 0.00e+00  0.00e+00  0.00e+00  1.00e+00  0.00e+00  0.00e+00  0.00e+00 ... ]
[ 0.00e+00  0.00e+00  0.00e+00  0.00e+00  1.00e+00  0.00e+00  0.00e+00 ... ]
[ 0.00e+00  0.00e+00  0.00e+00  0.00e+00  1.00e+00  0.00e+00  0.00e+00 ... ]
[ 0.00e+00  0.00e+00  0.00e+00  0.00e+00  0.00e+00  1.00e+00  0.00e+00 ... ]
[ 0.00e+00  0.00e+00  0.00e+00  0.00e+00  0.00e+00  1.00e+00  0.00e+00 ... ]
[ 0.00e+00  0.00e+00  0.00e+00  0.00e+00  0.00e+00  0.00e+00  1.00e+00 ... ]
[ 0.00e+00  0.00e+00  0.00e+00  0.00e+00  0.00e+00  0.00e+00  1.00e+00 ... ]
[ 0.00e+00  0.00e+00  0.00e+00  0.00e+00  0.00e+00  0.00e+00  0.00e+00 ... ]
[ 0.00e+00  0.00e+00  0.00e+00  0.00e+00  0.00e+00  0.00e+00  0.00e+00 ... ]
[ 0.00e+00  0.00e+00  0.00e+00  0.00e+00  0.00e+00  0.00e+00  0.00e+00 ... ]
[ 0.00e+00  0.00e+00  0.00e+00  0.00e+00  0.00e+00  0.00e+00  0.00e+00 ... ]
[ 0.00e+00  0.00e+00  0.00e+00  0.00e+00  0.00e+00  0.00e+00  0.00e+00 ... ]
[ 0.00e+00  0.00e+00  0.00e+00  0.00e+00  0.00e+00  0.00e+00  0.00e+00 ... ]
[ 1.00e+00  0.00e+00  0.00e+00  0.00e+00  0.00e+00 -1.00e+00  0.00e+00 ... ]
[ 1.00e+00  0.00e+00  0.00e+00  0.00e+00  0.00e+00 -1.00e+00  0.00e+00 ... ]
[ 1.00e+00  0.00e+00  0.00e+00  0.00e+00  0.00e+00 -1.00e+00  0.00e+00 ... ]
[ 1.00e+00  0.00e+00  0.00e+00  0.00e+00  0.00e+00 -1.00e+00  0.00e+00 ... ]
[ 1.00e+00  0.00e+00  0.00e+00  0.00e+00  0.00e+00 -1.00e+00  0.00e+00 ... ]
[ 1.00e+00  0.00e+00  0.00e+00  0.00e+00  0.00e+00 -1.00e+00  0.00e+00 ... ]
[ 0.00e+00  1.00e+00  0.00e+00  0.00e+00  0.00e+00 -1.00e+00  0.00e+00 ... ]
[ 0.00e+00  1.00e+00  0.00e+00  0.00e+00  0.00e+00 -1.00e+00  0.00e+00 ... ]
[ 0.00e+00  0.00e+00  1.00e+00  0.00e+00  0.00e+00 -1.00e+00  0.00e+00 ... ]
[ 0.00e+00  0.00e+00  1.00e+00  0.00e+00  0.00e+00 -1.00e+00  0.00e+00 ... ]
[ 0.00e+00  0.00e+00  0.00e+00  1.00e+00  0.00e+00 -1.00e+00  0.00e+00 ... ]
[ 0.00e+00  0.00e+00  0.00e+00  1.00e+00  0.00e+00 -1.00e+00  0.00e+00 ... ]
[ 0.00e+00  1.00e+00  0.00e+00  0.00e+00  0.00e+00 -1.00e+00  0.00e+00 ... ]
[ 0.00e+00  1.00e+00  0.00e+00  0.00e+00  0.00e+00 -1.00e+00  0.00e+00 ... ]
[ 0.00e+00  0.00e+00  0.00e+00  1.00e+00  0.00e+00 -1.00e+00  0.00e+00 ... ]
[ 0.00e+00  0.00e+00  0.00e+00  1.00e+00  0.00e+00 -1.00e+00  0.00e+00 ... ]
[ 0.00e+00  0.00e+00  0.00e+00  0.00e+00  1.00e+00 -1.00e+00  0.00e+00 ... ]
[ 0.00e+00  0.00e+00  0.00e+00  0.00e+00  1.00e+00 -1.00e+00  0.00e+00 ... ]
[ 0.00e+00  0.00e+00  1.00e+00  0.00e+00  0.00e+00 -1.00e+00  0.00e+00 ... ]
[ 0.00e+00  0.00e+00  1.00e+00  0.00e+00  0.00e+00 -1.00e+00  0.00e+00 ... ]
[ 0.00e+00  0.00e+00  0.00e+00  1.00e+00  0.00e+00 -1.00e+00  0.00e+00 ... ]
[ 0.00e+00  0.00e+00  0.00e+00  1.00e+00  0.00e+00 -1.00e+00  0.00e+00 ... ]
[ 0.00e+00  1.00e+00  0.00e+00  0.00e+00  0.00e+00 -1.00e+00  0.00e+00 ... ]
[ 0.00e+00  1.00e+00  0.00e+00  0.00e+00  0.00e+00 -1.00e+00  0.00e+00 ... ]
[ 0.00e+00  0.00e+00  0.00e+00  0.00e+00  1.00e+00 -1.00e+00  0.00e+00 ... ]
[ 0.00e+00  0.00e+00  0.00e+00  0.00e+00  1.00e+00 -1.00e+00  0.00e+00 ... ]
[ 0.00e+00  0.00e+00  0.00e+00  0.00e+00  0.00e+00 -1.00e+00  0.00e+00 ... ]
[ 0.00e+00  0.00e+00  0.00e+00  0.00e+00  0.00e+00 -1.00e+00  0.00e+00 ... ]
[ 0.00e+00  0.00e+00  0.00e+00  0.00e+00  0.00e+00 -1.00e+00  1.00e+00 ... ]
[ 0.00e+00  0.00e+00  0.00e+00  0.00e+00  0.00e+00 -1.00e+00  1.00e+00 ... ]
[ 0.00e+00  0.00e+00  0.00e+00  0.00e+00  0.00e+00 -1.00e+00  1.00e+00 ... ]
[ 0.00e+00  0.00e+00  0.00e+00  0.00e+00  0.00e+00 -1.00e+00  1.00e+00 ... ]
[ 0.00e+00  0.00e+00  0.00e+00  0.00e+00  0.00e+00 -1.00e+00  0.00e+00 ... ]
[ 0.00e+00  0.00e+00  0.00e+00  0.00e+00  0.00e+00 -1.00e+00  0.00e+00 ... ]
[ 0.00e+00  0.00e+00  0.00e+00  0.00e+00  0.00e+00 -1.00e+00  0.00e+00 ... ]
[ 0.00e+00  0.00e+00  0.00e+00  0.00e+00  0.00e+00 -1.00e+00  0.00e+00 ... ]
[ 0.00e+00  0.00e+00  0.00e+00  0.00e+00  0.00e+00 -1.00e+00  0.00e+00 ... ]
[ 0.00e+00  0.00e+00  0.00e+00  0.00e+00  0.00e+00 -1.00e+00  0.00e+00 ... ]
[ 0.00e+00  0.00e+00  0.00e+00  0.00e+00  0.00e+00 -1.00e+00  0.00e+00 ... ]
[ 0.00e+00  0.00e+00  0.00e+00  0.00e+00  0.00e+00 -1.00e+00  0.00e+00 ... ]
[ 0.00e+00  0.00e+00  0.00e+00  0.00e+00  0.00e+00 -1.00e+00  0.00e+00 ... ]
[ 0.00e+00  0.00e+00  0.00e+00  0.00e+00  0.00e+00 -1.00e+00  0.00e+00 ... ]
[ 0.00e+00  0.00e+00  0.00e+00  0.00e+00  0.00e+00 -1.00e+00  0.00e+00 ... ]
[ 0.00e+00  0.00e+00  0.00e+00  0.00e+00  0.00e+00 -1.00e+00  0.00e+00 ... ]
[ 0.00e+00  0.00e+00  0.00e+00  0.00e+00  0.00e+00 -1.00e+00  0.00e+00 ... ]
[ 0.00e+00  0.00e+00  0.00e+00  0.00e+00  0.00e+00 -1.00e+00  0.00e+00 ... ]
[ 0.00e+00  0.00e+00  0.00e+00  0.00e+00  0.00e+00 -1.00e+00  0.00e+00 ... ]
[ 0.00e+00  0.00e+00  0.00e+00  0.00e+00  0.00e+00 -1.00e+00  0.00e+00 ... ]
[ 0.00e+00  0.00e+00  0.00e+00  0.00e+00  0.00e+00 -1.00e+00  0.00e+00 ... ]
[ 0.00e+00  0.00e+00  0.00e+00  0.00e+00  0.00e+00 -1.00e+00  0.00e+00 ... ]
[ 0.00e+00  0.00e+00  0.00e+00  0.00e+00  0.00e+00 -1.00e+00  0.00e+00 ... ]
[ 0.00e+00  0.00e+00  0.00e+00  0.00e+00  0.00e+00 -1.00e+00  0.00e+00 ... ]
[ 0.00e+00  0.00e+00  0.00e+00  0.00e+00  0.00e+00 -1.00e+00  0.00e+00 ... ]
[ 0.00e+00  0.00e+00  0.00e+00  0.00e+00  0.00e+00 -1.00e+00  0.00e+00 ... ]
 [ 0.00e+00]
[ 0.00e+00]
[ 0.00e+00]
[ 1.00e+03]
[ 0.00e+00]
[ 1.00e+03]
[ 0.00e+00]
[ 1.00e+03]
[ 4.00e+02]
[ 4.00e+02]
[ 0.00e+00]
[ 1.00e+03]
[ 6.00e+02]
[ 6.00e+02]
[ 0.00e+00]
[ 1.00e+03]
[ 8.00e+02]
[ 8.00e+02]
[ 9.00e+02]
[ 9.00e+02]
[ 0.00e+00]
[ 0.00e+00]
[ 0.00e+00]
[ 0.00e+00]
[ 0.00e+00]
[ 0.00e+00]
[ 0.00e+00]
[ 0.00e+00]
[ 0.00e+00]
[ 0.00e+00]
[ 0.00e+00]
[ 0.00e+00]
[ 0.00e+00]
[ 0.00e+00]
[ 0.00e+00]
[ 0.00e+00]
[ 0.00e+00]
[ 0.00e+00]
[ 0.00e+00]
[ 0.00e+00]
[ 0.00e+00]
[ 0.00e+00]
[ 0.00e+00]
[ 0.00e+00]
[ 0.00e+00]
[ 0.00e+00]
[ 0.00e+00]
[ 0.00e+00]
[ 0.00e+00]
[ 0.00e+00]
[ 0.00e+00]
[ 0.00e+00]
[ 0.00e+00]
[ 0.00e+00]
[ 0.00e+00]
[ 0.00e+00]
[-1.00e+02]
[-1.00e+02]
[-1.00e+02]
[-1.00e+02]
[-1.00e+02]
[-1.00e+02]
[-1.00e+02]
[-1.00e+02]
[-1.00e+02]
[-1.00e+02]
[-1.00e+02]
[-1.00e+02]
[-1.00e+02]
[-1.00e+02]
[-1.00e+02]
[-1.00e+02]
[-1.00e+02]
[-1.00e+02]

